179747
179783
179821
179859
179897
179935
179974
180013
180051
180090
180129
180168
180207
180246
180247
180286
180325
180364
180404
180443
180482
180483
180522
180562
180601
180641
180680
180681
180720
180760
180800
180839
180840
180879
180880
180919
180959
180999
181039
181079
181119
181159
181199
181239
181279
181319
181359
181399
181439
181479
181480
181519
181520
181559
181560
181599
181600
181639
181640
181679
181680
181719
181720
181759
181760
181761
181800
181801
181840
181841
181880
181881
181920
181921
181960
181961
182000
182001
182002
182040
182041
182042
182080
182081
182082
182121
182122
182161
182162
182201
182202
182241
182242
182281
182282
182321
182322
182361
182362
182401
182402
182442
182482
182522
182562
