179745
179746
179751
179782
179819
179856
179894
179971
180009
180048
180087
180126
180165
180204
180243
180282
180322
180361
180401
180440
180480
180519
180559
180599
180638
180678
180718
180758
180798
180877
180917
180957
180997
181037
181077
181117
181157
181197
181237
181277
181317
181357
181397
181437
181477
181517
181557
181597
181636
181637
181676
181677
181716
181717
181756
181757
181796
181797
181836
181837
181876
181877
181916
181917
181956
181957
181996
181997
182036
182037
182077
182117
182157
182158
182197
182198
182237
182238
182277
182278
182317
182318
182357
182358
182397
182398
182437
182438
182439
182477
182478
182479
182517
182518
182519
182557
182558
182559
182597
182598
182599
182637
182638
182639
182677
182678
182679
182717
182718
182719
182757
182758
182759
182797
182798
182799
182838
182839
182840
182878
182879
182880
182918
182919
182920
182958
182959
182960
182998
182999
183000
183038
183039
183040
183078
183079
183080
183081
183118
183119
183120
183121
183158
183159
183160
183161
183198
183199
183200
183201
183238
183239
183240
183241
183278
183279
183280
183281
183318
183319
183320
183321
183358
183359
183360
183400
