894
895
896
897
898
899
900
901
902
903
904
905
906
907
908
909
910
911
912
913
914
915
916
917
918
919
920
921
922
923
924
925
926
927
928
929
930
1193
1194
1195
1196
1197
1198
1199
1200
1201
1202
1203
1204
1205
1206
1207
1208
1209
1210
1211
1212
1213
1214
1215
1216
1217
1218
1219
1220
1221
1222
1223
1224
1225
1226
1227
1228
1229
1492
1493
1494
1495
1496
1497
1498
1499
1500
1501
1502
1503
1504
1505
1506
1507
1508
1509
1510
1511
1512
1513
1514
1515
1516
1517
1518
1519
1520
1521
1522
1523
1524
1525
1526
1527
1528
1791
1792
1793
1794
1795
1796
1797
1798
1799
1800
1801
1802
1803
1804
1805
1806
1807
1808
1809
1810
1811
1812
1813
1814
1815
1816
1817
1818
1819
1820
1821
1822
1823
1824
1825
1826
1827
2090
2091
2092
2093
2094
2095
2096
2097
2098
2099
2100
2101
2102
2103
2104
2105
2106
2107
2108
2109
2110
2111
2112
2113
2114
2115
2116
2117
2118
2119
2120
2121
2122
2123
2124
2125
2126
2389
2390
2391
2392
2393
2394
2395
2396
2397
2398
2399
2400
2401
2402
2403
2404
2405
2406
2407
2408
2409
2410
2411
2412
2413
2414
2415
2416
2417
2418
2419
2420
2421
2422
2423
2424
2425
2688
2689
2690
2691
2692
2693
2694
2695
2696
2697
2698
2699
2700
2701
2702
2703
2704
2705
2706
2707
2708
2709
2710
2711
2712
2713
2714
2715
2716
2717
2718
2719
2720
2721
2722
2723
2724
2987
2988
2989
2990
2991
2992
2993
2994
2995
2996
2997
2998
2999
3000
3001
3002
3003
3004
3005
3006
3007
3008
3009
3010
3011
3012
3013
3014
3015
3016
3017
3018
3019
3020
3021
3022
3023
3286
3287
3288
3289
3290
3291
3292
3293
3294
3295
3296
3297
3298
3299
3300
3301
3302
3303
3304
3305
3306
3307
3308
3309
3310
3311
3312
3313
3314
3315
3316
3317
3318
3319
3320
3321
3322
3585
3586
3587
3588
3589
3590
3591
3592
3593
3594
3595
3596
3597
3598
3599
3600
3601
3602
3603
3604
3605
3606
3607
3608
3609
3610
3611
3612
3613
3614
3615
3616
3617
3618
3619
3620
3621
3885
3886
3887
3888
3889
3890
3891
3892
3893
3894
3895
3896
3897
3898
3899
3900
3901
3902
3903
3904
3905
3906
3907
3908
3909
3910
3911
3912
3913
3914
3915
3916
3917
3918
3919
3920
4184
4185
4186
4187
4188
4189
4190
4191
4192
4193
4194
4195
4196
4197
4198
4199
4200
4201
4202
4203
4204
4205
4206
4207
4208
4209
4210
4211
4212
4213
4214
4215
4216
4217
4218
4219
4483
4484
4485
4486
4487
4488
4489
4490
4491
4492
4493
4494
4495
4496
4497
4498
4499
4500
4501
4502
4503
4504
4505
4506
4507
4508
4509
4510
4511
4512
4513
4514
4515
4516
4517
4518
4782
4783
4784
4785
4786
4787
4788
4789
4790
4791
4792
4793
4794
4795
4796
4797
4798
4799
4800
4801
4802
4803
4804
4805
4806
4807
4808
4809
4810
4811
4812
4813
4814
4815
4816
4817
5081
5082
5083
5084
5085
5086
5087
5088
5089
5090
5091
5092
5093
5094
5095
5096
5097
5098
5099
5100
5101
5102
5103
5104
5105
5106
5107
5108
5109
5110
5111
5112
5113
5114
5115
5116
5380
5381
5382
5383
5384
5385
5386
5387
5388
5389
5390
5391
5392
5393
5394
5395
5396
5397
5398
5399
5400
5401
5402
5403
5404
5405
5406
5407
5408
5409
5410
5411
5412
5413
5414
5415
5680
5681
5682
5683
5684
5685
5686
5687
5688
5689
5690
5691
5692
5693
5694
5695
5696
5697
5698
5699
5700
5701
5702
5703
5704
5705
5706
5707
5708
5709
5710
5711
5712
5713
5714
5979
5980
5981
5982
5983
5984
5985
5986
5987
5988
5989
5990
5991
5992
5993
5994
5995
5996
5997
5998
5999
6000
6001
6002
6003
6004
6005
6006
6007
6008
6009
6010
6011
6012
6013
6278
6279
6280
6281
6282
6283
6284
6285
6286
6287
6288
6289
6290
6291
6292
6293
6294
6295
6296
6297
6298
6299
6300
6301
6302
6303
6304
6305
6306
6307
6308
6309
6310
6311
6312
6577
6578
6579
6580
6581
6582
6583
6584
6585
6586
6587
6588
6589
6590
6591
6592
6593
6594
6595
6596
6597
6598
6599
6600
6601
6602
6603
6604
6605
6606
6607
6608
6609
6610
6611
6877
6878
6879
6880
6881
6882
6883
6884
6885
6886
6887
6888
6889
6890
6891
6892
6893
6894
6895
6896
6897
6898
6899
6900
6901
6902
6903
6904
6905
6906
6907
6908
6909
6910
7176
7177
7178
7179
7180
7181
7182
7183
7184
7185
7186
7187
7188
7189
7190
7191
7192
7193
7194
7195
7196
7197
7198
7199
7200
7201
7202
7203
7204
7205
7206
7207
7208
7209
7475
7476
7477
7478
7479
7480
7481
7482
7483
7484
7485
7486
7487
7488
7489
7490
7491
7492
7493
7494
7495
7496
7497
7498
7499
7500
7501
7502
7503
7504
7505
7506
7507
7508
7775
7776
7777
7778
7779
7780
7781
7782
7783
7784
7785
7786
7787
7788
7789
7790
7791
7792
7793
7794
7795
7796
7797
7798
7799
7800
7801
7802
7803
7804
7805
7806
7807
8074
8075
8076
8077
8078
8079
8080
8081
8082
8083
8084
8085
8086
8087
8088
8089
8090
8091
8092
8093
8094
8095
8096
8097
8098
8099
8100
8101
8102
8103
8104
8105
8106
8373
8374
8375
8376
8377
8378
8379
8380
8381
8382
8383
8384
8385
8386
8387
8388
8389
8390
8391
8392
8393
8394
8395
8396
8397
8398
8399
8400
8401
8402
8403
8404
8405
8673
8674
8675
8676
8677
8678
8679
8680
8681
8682
8683
8684
8685
8686
8687
8688
8689
8690
8691
8692
8693
8694
8695
8696
8697
8698
8699
8700
8701
8702
8703
8704
8972
8973
8974
8975
8976
8977
8978
8979
8980
8981
8982
8983
8984
8985
8986
8987
8988
8989
8990
8991
8992
8993
8994
8995
8996
8997
8998
8999
9000
9001
9002
9003
9272
9273
9274
9275
9276
9277
9278
9279
9280
9281
9282
9283
9284
9285
9286
9287
9288
9289
9290
9291
9292
9293
9294
9295
9296
9297
9298
9299
9300
9301
9302
9571
9572
9573
9574
9575
9576
9577
9578
9579
9580
9581
9582
9583
9584
9585
9586
9587
9588
9589
9590
9591
9592
9593
9594
9595
9596
9597
9598
9599
9600
9601
9870
9871
9872
9873
9874
9875
9876
9877
9878
9879
9880
9881
9882
9883
9884
9885
9886
9887
9888
9889
9890
9891
9892
9893
9894
9895
9896
9897
9898
9899
9900
10170
10171
10172
10173
10174
10175
10176
10177
10178
10179
10180
10181
10182
10183
10184
10185
10186
10187
10188
10189
10190
10191
10192
10193
10194
10195
10196
10197
10198
10199
10470
10471
10472
10473
10474
10475
10476
10477
10478
10479
10480
10481
10482
10483
10484
10485
10486
10487
10488
10489
10490
10491
10492
10493
10494
10495
10496
10497
10498
10769
10770
10771
10772
10773
10774
10775
10776
10777
10778
10779
10780
10781
10782
10783
10784
10785
10786
10787
10788
10789
10790
10791
10792
10793
10794
10795
10796
10797
11069
11070
11071
11072
11073
11074
11075
11076
11077
11078
11079
11080
11081
11082
11083
11084
11085
11086
11087
11088
11089
11090
11091
11092
11093
11094
11095
11096
11368
11369
11370
11371
11372
11373
11374
11375
11376
11377
11378
11379
11380
11381
11382
11383
11384
11385
11386
11387
11388
11389
11390
11391
11392
11393
11394
11395
11668
11669
11670
11671
11672
11673
11674
11675
11676
11677
11678
11679
11680
11681
11682
11683
11684
11685
11686
11687
11688
11689
11690
11691
11692
11693
11694
11968
11969
11970
11971
11972
11973
11974
11975
11976
11977
11978
11979
11980
11981
11982
11983
11984
11985
11986
11987
11988
11989
11990
11991
11992
11993
12267
12268
12269
12270
12271
12272
12273
12274
12275
12276
12277
12278
12279
12280
12281
12282
12283
12284
12285
12286
12287
12288
12289
12290
12291
12292
12567
12568
12569
12570
12571
12572
12573
12574
12575
12576
12577
12578
12579
12580
12581
12582
12583
12584
12585
12586
12587
12588
12589
12590
12591
12867
12868
12869
12870
12871
12872
12873
12874
12875
12876
12877
12878
12879
12880
12881
12882
12883
12884
12885
12886
12887
12888
12889
12890
13168
13169
13170
13171
13172
13173
13174
13175
13176
13177
13178
13179
13180
13181
13182
13183
13184
13185
13186
13187
13188
13189
13468
13469
13470
13471
13472
13473
13474
13475
13476
13477
13478
13479
13480
13481
13482
13483
13484
13485
13486
13487
13488
13768
13769
13770
13771
13772
13773
13774
13775
13776
13777
13778
13779
13780
13781
13782
13783
13784
13785
13786
13787
14068
14069
14070
14071
14072
14073
14074
14075
14076
14077
14078
14079
14080
14081
14082
14083
14084
14085
14086
14368
14369
14370
14371
14372
14373
14374
14375
14376
14377
14378
14379
14380
14381
14382
14383
14384
14385
14668
14669
14670
14671
14672
14673
14674
14675
14676
14677
14678
14679
14680
14681
14682
14683
14684
14969
14970
14971
14972
14973
14974
14975
14976
14977
14978
14979
14980
14981
14982
14983
15269
15270
15271
15272
15273
15274
15275
15276
15277
15278
15279
15280
15281
15282
15570
15571
15572
15573
15574
15575
15576
15577
15578
15579
15580
15581
15871
15872
15873
15874
15875
15876
15877
15878
15879
15880
16172
16173
16174
16175
16176
16177
16178
16179
16473
16474
16475
16476
16477
16478
16774
16775
16776
16777
17076
17375
168072
168073
168074
168075
168076
168077
168078
168079
168080
168081
168082
168083
168084
168085
168086
168087
168088
168089
168090
168091
168092
168093
168094
168095
168096
168097
168098
168099
168100
168101
168102
168103
168104
168105
168106
168107
168108
168109
168110
168111
168112
168113
168114
168115
168116
168117
168118
168119
168120
168121
168122
168123
168124
168125
168126
168127
168128
168129
168130
168131
168132
168133
168134
168135
168136
168137
168138
168139
168140
168141
168142
168143
168144
168145
168146
168147
168148
168149
168150
168151
168152
168153
168154
168155
168156
168157
168158
168159
168160
168161
168162
168163
168164
168165
168166
168167
168168
168169
168170
168171
168172
168173
168174
168175
168176
168177
168178
168179
168180
168181
168182
168183
168184
168185
168186
168187
168188
168189
168190
168191
168192
168193
168194
168195
168196
168197
168198
168199
168200
168201
168202
168203
168204
168205
168206
168207
168208
168209
168210
168211
168212
168213
168214
168215
168216
168217
168218
168219
168220
168221
168222
168223
168224
168225
168226
168227
168228
168229
168230
168231
168232
168233
168234
168235
168236
168237
168238
168239
168240
168241
168242
168243
168244
168245
168246
168247
168248
168249
168250
168251
168252
168253
168254
168255
168256
168257
168258
168259
168260
168261
168262
168263
168264
168265
168266
168267
168268
168269
168270
168271
168272
168273
168274
168275
168276
168277
168278
168279
168280
168281
168282
168283
168284
168285
168286
168287
168288
168289
168290
168291
168292
168293
168294
168295
168296
168297
168298
168299
168300
168301
168302
168303
168304
168305
168306
168307
168308
168309
168310
168311
168312
168313
168314
168315
168316
168317
168318
168319
168320
168321
168322
168323
168324
168325
168326
168327
168328
168329
168330
168331
168332
168333
168334
168335
168336
168337
168338
168339
168340
168341
168342
168343
168344
168345
168346
168347
168348
168349
168350
168351
168352
168353
168354
168355
168356
168357
168358
168359
168360
168361
168362
168363
168364
168365
168366
168367
168368
168369
168370
168371
168372
168373
168374
168375
168376
168377
168378
168379
168380
168381
168382
168383
168384
168385
168386
168387
168388
168389
168390
168391
168392
168393
168394
168395
168396
168397
168398
168399
168400
168401
168402
168403
168404
168405
168406
168407
168408
168409
168410
168411
168412
168413
168414
168415
168416
168417
168418
168419
168420
168421
168422
168423
168424
168425
168426
168427
168428
168429
168430
168431
168432
168433
168434
168435
168436
168437
168438
168439
168440
168441
168442
168443
168444
168445
168446
168447
168448
168449
168450
168451
168452
168453
168454
168455
168456
168457
168458
168459
168460
168461
168462
168463
168464
168465
168466
168467
168468
168469
168470
168471
168472
168473
168474
168475
168476
168477
168478
168479
168480
168481
168482
168483
168484
168485
168486
168487
168488
168489
168490
168491
168492
168493
168494
168495
168496
168497
168498
168499
168500
168501
168502
168503
168504
168505
168506
168507
168508
168509
168510
168511
168512
168513
168514
168515
168516
168517
168518
168519
168520
168521
168522
168523
168524
168525
168526
168527
168528
168529
168530
168531
168532
168533
168534
168535
168536
168537
168538
168539
168540
168541
168542
168543
168544
168545
168546
168547
168548
168549
168550
168551
168552
168553
168554
168555
168556
168557
168558
168559
168560
168561
168562
168563
168564
168565
168566
168567
168568
168569
168570
168571
168572
168573
168574
168575
168576
168577
168578
168579
168580
168581
168582
168583
168584
168585
168586
168587
168588
168589
168590
168591
168592
168593
168594
168595
168596
168597
168598
168599
168600
168601
168602
168603
168604
168605
168606
168607
168608
168609
168610
168611
168612
168613
168614
168615
168616
168617
168618
168619
168620
168621
168622
168623
168624
168625
168626
168627
168628
168629
168630
168631
168632
168633
168634
168635
168636
168637
168638
168639
168640
168641
168642
168643
168644
168645
168646
168647
168648
168649
168650
168651
168652
168653
168654
168655
168656
168657
168658
168659
168660
168661
168662
168663
168664
168665
168666
168667
168668
168669
168670
168671
168672
168673
168674
168675
168676
168677
168678
168679
168680
168681
168682
168683
168684
168685
168686
168687
168688
168689
168690
168691
168692
168693
168694
168695
168696
168697
168698
168699
168700
168701
168702
168703
168704
168705
168706
168707
168708
168709
168710
168711
168712
168713
168714
168715
168716
168717
168718
168719
168720
168721
168722
168723
168724
168725
168726
168727
168728
168729
168730
168731
168732
168733
168734
168735
168736
168737
168738
168739
168740
168741
168742
168743
168744
168745
168746
168747
168748
168749
168750
168751
168752
168753
168754
168755
168756
168757
168758
168759
168760
168761
168762
168763
168764
168765
168766
168767
168768
168769
168770
168771
168772
168773
168774
168775
168776
168777
168778
168779
168780
168781
168782
168783
168784
168785
168786
168787
168788
168789
168790
168791
168792
168793
168794
168795
168796
168797
168798
168799
168800
168801
168802
168803
168804
168805
168806
168807
168808
168809
168810
168811
168812
168813
168814
168815
168816
168817
168818
168819
168820
168821
168822
168823
168824
168825
168826
168827
168828
168829
168830
168831
168832
168833
168834
168835
168836
168837
168838
168839
168840
168841
168842
168843
168844
168845
168846
168847
168848
168849
168850
168851
168852
168853
168854
168855
168856
168857
168858
168859
168860
168861
168862
168863
168864
168865
168866
168867
168868
168869
168870
168871
168872
168873
168874
168875
168876
168877
168878
168879
168880
168881
168882
168883
168884
168885
168886
168887
168888
168889
168890
168891
168892
168893
168894
168895
168896
168897
168898
168899
168900
168901
168902
168903
168904
168905
168906
168907
168908
168909
168910
168911
168912
168913
168914
168915
168916
168917
168918
168919
168920
168921
168922
168923
168924
168925
168926
168927
168928
168929
168930
168931
168932
168933
168934
168935
168936
168937
168938
168939
168940
168941
168942
168943
168944
168945
168946
168947
168948
168949
168950
168951
168952
168953
168954
168955
168956
168957
168958
168959
168960
168961
168962
168963
168964
168965
168966
168967
168968
168969
168970
168971
168972
168973
168974
168975
168976
168977
168978
168979
168980
168981
168982
168983
168984
168985
168986
168987
168988
168989
168990
168991
168992
168993
168994
168995
168996
168997
168998
168999
169000
169001
169002
169003
169004
169005
169006
169007
169008
169009
169010
169011
169012
169013
169014
169015
169016
169017
169018
169019
169020
169021
169022
169023
169024
169025
169026
169027
169028
169029
169030
169031
169032
169033
169034
169035
169036
169037
169038
169039
169040
169041
169042
169043
169044
169045
169046
169047
169048
169049
169050
169051
169052
169053
169054
169055
169056
169057
169058
169059
169060
169061
169062
169063
169064
169065
169066
169067
169068
169069
169070
169071
169072
169073
169074
169075
169076
169077
169078
169079
169080
169081
169082
169083
169084
169085
169086
169087
169088
169089
169090
169091
169092
169093
169094
169095
169096
169097
169098
169099
169100
169101
169102
169103
169104
169105
169106
169107
169108
169109
169110
169111
169112
169113
169114
169115
169116
169117
169118
169119
169120
169121
169122
169123
169124
169125
169126
169127
169128
169129
169130
169131
169132
169133
169134
169135
169136
169137
169138
169139
169140
169141
169142
169143
169144
169145
169146
169147
169148
169149
169150
169151
169152
169153
169154
169155
169156
169157
169158
169159
169160
169161
169162
169163
169164
169165
169166
169167
169168
169169
169170
169171
169172
169173
169174
169175
169176
169177
169178
169179
169180
169181
169182
169183
169184
169185
169186
169187
169188
169189
169190
169191
169192
169193
169194
169195
169196
169197
169198
169199
169200
169201
169202
169203
169204
169205
169206
169207
169208
169209
169210
169211
169212
169213
169214
169215
169216
169217
169218
169219
169220
169221
169222
169223
169224
169225
169226
169227
169228
169229
169230
169231
169232
169233
169234
169235
169236
169237
169238
169239
169240
169241
169242
169243
169244
169245
169246
169247
169248
169249
169250
169251
169252
169253
169254
169255
169256
169257
169258
169259
169260
169261
169262
169263
169264
169265
169266
169267
169268
169269
169270
169271
169272
169273
169274
169275
169276
169277
169278
169279
169280
169281
169282
169283
169284
169285
169286
169287
169288
169289
169290
169291
169292
169293
169294
169295
169296
169297
169298
169299
169300
169301
169302
169303
169304
169305
169306
169307
169308
169309
169310
169311
169312
169313
169314
169315
169316
169317
169318
169319
169320
169321
169322
169323
169324
169325
169326
169327
169328
169329
169330
169331
169332
169333
169334
169335
169336
169337
169338
169339
169340
169341
169342
169343
169344
169345
169346
169347
169348
169349
169350
169351
169352
169353
169354
169355
169356
169357
169358
169359
169360
169361
169362
169363
169364
169365
169366
169367
169368
169369
169370
169371
169372
169373
169374
169375
169376
169377
169378
169379
169380
169381
169382
169383
169384
169385
169386
169387
169388
169389
169390
169392
169393
169394
169395
169396
169397
169398
169399
169400
169401
169402
169403
169404
169405
169406
169407
169408
169409
169410
169411
169412
169413
169414
169415
169416
169417
169418
169419
169420
169421
169422
169423
169424
169425
169426
169427
169428
169429
169430
169431
169432
169433
169434
169435
169436
169437
169438
169439
169440
169441
169442
169443
169444
169445
169446
169447
169448
169449
169450
169452
169453
169454
169455
169456
169457
169458
169459
169460
169461
169462
169463
169464
169465
169466
169467
169468
169469
169470
169471
169472
169473
169474
169475
169476
169477
169478
169479
169480
169481
169482
169483
169484
169485
169486
169487
169488
169489
169490
169491
169492
169493
169494
169495
169496
169497
169498
169499
169500
169501
169502
169503
169504
169505
169506
169507
169508
169509
169512
169513
169514
169515
169516
169517
169518
169519
169520
169521
169522
169523
169524
169525
169526
169527
169528
169529
169530
169531
169532
169533
169534
169535
169536
169537
169538
169539
169540
169541
169542
169543
169544
169545
169546
169547
169548
169549
169550
169551
169552
169553
169554
169555
169556
169557
169558
169559
169560
169561
169562
169563
169564
169565
169566
169567
169568
169569
169572
169573
169574
169575
169576
169577
169578
169579
169580
169581
169582
169583
169584
169585
169586
169587
169588
169589
169590
169591
169592
169593
169594
169595
169596
169597
169598
169599
169600
169601
169602
169603
169604
169605
169606
169607
169608
169609
169610
169611
169612
169613
169614
169615
169616
169617
169618
169619
169620
169621
169622
169623
169624
169625
169626
169627
169628
169632
169633
169634
169635
169636
169637
169638
169639
169640
169641
169642
169643
169644
169645
169646
169647
169648
169649
169650
169651
169652
169653
169654
169655
169656
169657
169658
169659
169660
169661
169662
169663
169664
169665
169666
169667
169668
169669
169670
169671
169672
169673
169674
169675
169676
169677
169678
169679
169680
169681
169682
169683
169684
169685
169686
169687
169688
169692
169693
169694
169695
169696
169697
169698
169699
169700
169701
169702
169703
169704
169705
169706
169707
169708
169709
169710
169711
169712
169713
169714
169715
169716
169717
169718
169719
169720
169721
169722
169723
169724
169725
169726
169727
169728
169729
169730
169731
169732
169733
169734
169735
169736
169737
169738
169739
169740
169741
169742
169743
169744
169745
169746
169747
169752
169753
169754
169755
169756
169757
169758
169759
169760
169761
169762
169763
169764
169765
169766
169767
169768
169769
169770
169771
169772
169773
169774
169775
169776
169777
169778
169779
169780
169781
169782
169783
169784
169785
169786
169787
169788
169789
169790
169791
169792
169793
169794
169795
169796
169797
169798
169799
169800
169801
169802
169803
169804
169805
169806
169812
169813
169814
169815
169816
169817
169818
169819
169820
169821
169822
169823
169824
169825
169826
169827
169828
169829
169830
169831
169832
169833
169834
169835
169836
169837
169838
169839
169840
169841
169842
169843
169844
169845
169846
169847
169848
169849
169850
169851
169852
169853
169854
169855
169856
169857
169858
169859
169860
169861
169862
169863
169864
169865
169866
169872
169873
169874
169875
169876
169877
169878
169879
169880
169881
169882
169883
169884
169885
169886
169887
169888
169889
169890
169891
169892
169893
169894
169895
169896
169897
169898
169899
169900
169901
169902
169903
169904
169905
169906
169907
169908
169909
169910
169911
169912
169913
169914
169915
169916
169917
169918
169919
169920
169921
169922
169923
169924
169925
169932
169933
169934
169935
169936
169937
169938
169939
169940
169941
169942
169943
169944
169945
169946
169947
169948
169949
169950
169951
169952
169953
169954
169955
169956
169957
169958
169959
169960
169961
169962
169963
169964
169965
169966
169967
169968
169969
169970
169971
169972
169973
169974
169975
169976
169977
169978
169979
169980
169981
169982
169983
169984
169992
169993
169994
169995
169996
169997
169998
169999
170000
170001
170002
170003
170004
170005
170006
170007
170008
170009
170010
170011
170012
170013
170014
170015
170016
170017
170018
170019
170020
170021
170022
170023
170024
170025
170026
170027
170028
170029
170030
170031
170032
170033
170034
170035
170036
170037
170038
170039
170040
170041
170042
170043
170052
170053
170054
170055
170056
170057
170058
170059
170060
170061
170062
170063
170064
170065
170066
170067
170068
170069
170070
170071
170072
170073
170074
170075
170076
170077
170078
170079
170080
170081
170082
170083
170084
170085
170086
170087
170088
170089
170090
170091
170092
170093
170094
170095
170096
170097
170098
170099
170100
170101
170102
170112
170113
170114
170115
170116
170117
170118
170119
170120
170121
170122
170123
170124
170125
170126
170127
170128
170129
170130
170131
170132
170133
170134
170135
170136
170137
170138
170139
170140
170141
170142
170143
170144
170145
170146
170147
170148
170149
170150
170151
170152
170153
170154
170155
170156
170157
170158
170159
170160
170161
170172
170173
170174
170175
170176
170177
170178
170179
170180
170181
170182
170183
170184
170185
170186
170187
170188
170189
170190
170191
170192
170193
170194
170195
170196
170197
170198
170199
170200
170201
170202
170203
170204
170205
170206
170207
170208
170209
170210
170211
170212
170213
170214
170215
170216
170217
170218
170219
170220
170232
170233
170234
170235
170236
170237
170238
170239
170240
170241
170242
170243
170244
170245
170246
170247
170248
170249
170250
170251
170252
170253
170254
170255
170256
170257
170258
170259
170260
170261
170262
170263
170264
170265
170266
170267
170268
170269
170270
170271
170272
170273
170274
170275
170276
170277
170278
170279
170292
170293
170294
170295
170296
170297
170298
170299
170300
170301
170302
170303
170304
170305
170306
170307
170308
170309
170310
170311
170312
170313
170314
170315
170316
170317
170318
170319
170320
170321
170322
170323
170324
170325
170326
170327
170328
170329
170330
170331
170332
170333
170334
170335
170336
170337
170338
170352
170353
170354
170355
170356
170357
170358
170359
170360
170361
170362
170363
170364
170365
170366
170367
170368
170369
170370
170371
170372
170373
170374
170375
170376
170377
170378
170379
170380
170381
170382
170383
170384
170385
170386
170387
170388
170389
170390
170391
170392
170393
170394
170395
170396
170412
170413
170414
170415
170416
170417
170418
170419
170420
170421
170422
170423
170424
170425
170426
170427
170428
170429
170430
170431
170432
170433
170434
170435
170436
170437
170438
170439
170440
170441
170442
170443
170444
170445
170446
170447
170448
170449
170450
170451
170452
170453
170454
170455
170472
170473
170474
170475
170476
170477
170478
170479
170480
170481
170482
170483
170484
170485
170486
170487
170488
170489
170490
170491
170492
170493
170494
170495
170496
170497
170498
170499
170500
170501
170502
170503
170504
170505
170506
170507
170508
170509
170510
170511
170512
170513
170514
170532
170533
170534
170535
170536
170537
170538
170539
170540
170541
170542
170543
170544
170545
170546
170547
170548
170549
170550
170551
170552
170553
170554
170555
170556
170557
170558
170559
170560
170561
170562
170563
170564
170565
170566
170567
170568
170569
170570
170571
170572
170592
170593
170594
170595
170596
170597
170598
170599
170600
170601
170602
170603
170604
170605
170606
170607
170608
170609
170610
170611
170612
170613
170614
170615
170616
170617
170618
170619
170620
170621
170622
170623
170624
170625
170626
170627
170628
170629
170630
170652
170653
170654
170655
170656
170657
170658
170659
170660
170661
170662
170663
170664
170665
170666
170667
170668
170669
170670
170671
170672
170673
170674
170675
170676
170677
170678
170679
170680
170681
170682
170683
170684
170685
170686
170687
170688
170712
170713
170714
170715
170716
170717
170718
170719
170720
170721
170722
170723
170724
170725
170726
170727
170728
170729
170730
170731
170732
170733
170734
170735
170736
170737
170738
170739
170740
170741
170742
170743
170744
170745
170746
170772
170773
170774
170775
170776
170777
170778
170779
170780
170781
170782
170783
170784
170785
170786
170787
170788
170789
170790
170791
170792
170793
170794
170795
170796
170797
170798
170799
170800
170801
170802
170803
170832
170833
170834
170835
170836
170837
170838
170839
170840
170841
170842
170843
170844
170845
170846
170847
170848
170849
170850
170851
170852
170853
170854
170855
170856
170857
170858
170859
170892
170893
170894
170895
170896
170897
170906
170907
170908
170909
170910
170911
170912
170952
170953
170954
170955
170956
171012
171013
171014
171015
171072
171073
171074
171075
171132
171133
171134
171192
171193
171252
171253
