170919
170920
170921
170978
170979
170980
170981
171038
171039
171040
171041
171098
171099
171100
171101
171158
171159
171160
171161
171218
171219
171220
171277
171278
171279
171280
171337
171338
171339
171340
171397
171398
171399
171457
171458
171459
171517
171518
171519
171577
171578
171579
171637
171638
171639
171697
171698
171699
171757
171758
171817
171818
171877
171878
171937
171938
171997
171998
172057
172058
172117
172118
172177
172178
172237
172238
172297
172298
172357
172358
172417
172418
172478
172538
172598
