168847
168848
168849
168851
168904
168905
168962
168963
169020
169021
169078
169079
169080
169137
169138
169196
169197
169255
169256
169313
169314
169315
169372
169373
169374
169431
169432
169433
169490
169491
169492
169550
169551
169609
169610
169611
169668
169669
169670
169727
169728
169729
169787
169788
169789
169846
169847
169848
169905
169906
169907
169965
169966
169967
170024
170025
170026
170084
170085
170086
170143
170144
170145
170203
170204
170205
170262
170263
170264
170322
170323
170324
170381
170382
170383
170384
170441
170442
170443
170501
170502
170503
170560
170561
170562
170563
170620
170621
170622
170680
170681
170682
170739
170740
170741
170742
170799
170800
170801
170802
170859
170860
170861
170919
170920
170921
170978
170979
170980
170981
171038
171039
171040
171041
171098
171099
171100
171101
171158
171159
171160
171161
171218
171219
171220
171277
171278
171279
171280
171337
171338
171339
171340
171397
171398
171399
171457
171458
171459
171517
171518
171519
171577
171578
171579
171637
171638
171639
171697
171698
171699
171757
171758
171817
171818
171877
171878
171937
171938
171997
171998
172057
172058
172117
172118
172177
172178
172237
172238
172297
172298
172357
172358
172417
172418
172478
172538
172598
